match_map_id;a;b
1;30;4556
2;33;4409
3;33;3222
4;77;4394
5;77;3205
6;78;4472
7;97;2480
8;97;3483
9;100;2479
10;100;3484
11;107;3837
12;107;2871
13;108;3838
14;108;2872
15;109;3839
16;109;2873
17;110;4581
18;110;3003
19;111;2874
20;112;3841
21;112;2875
22;113;2876
23;114;3716
24;114;2968
25;115;2967
26;115;3717
27;116;4644
28;117;3719
29;117;3227
30;128;4218
31;128;2770
32;174;4582
33;174;2959
34;175;3195
35;175;4506
36;178;3775
37;178;2780
38;180;4576
39;180;2456
40;182;4615
41;182;2711
42;183;2266
43;183;3844
44;184;2812
45;184;3845
46;185;2267
47;185;3843
48;186;2712
49;186;4671
50;187;4702
51;187;2713
52;188;4720
53;188;2722
54;189;2196
55;189;4692
56;190;2191
57;190;4690
58;191;4593
59;191;2173
60;192;4674
61;193;4639
62;194;2170
63;194;4675
64;195;4684
65;195;2187
66;196;3122
67;196;4668
68;197;2179
69;197;4673
70;198;4708
71;198;2197
72;199;4713
73;199;2198
74;200;2190
75;200;4689
76;201;2145
77;201;4683
78;202;2160
79;202;4680
80;203;4705
81;203;2234
82;204;4701
83;204;3128
84;205;2142
85;205;4677
86;206;2143
87;206;4676
88;207;4660
89;207;2444
90;208;4661
91;208;2443
92;209;2514
93;209;4642
94;210;4663
95;210;3004
96;211;2356
97;211;4616
98;212;2233
99;212;4709
100;213;4665
101;213;2505
102;214;4636
103;215;4696
104;215;2194
105;216;2451
106;216;4657
107;217;4681
108;217;2159
109;218;4637
110;219;2155
111;219;4714
112;220;4640
113;220;2515
114;221;2549
115;221;4625
116;222;4632
117;222;3005
118;223;4653
119;223;2546
120;224;4622
121;224;2547
122;225;4658
123;225;2447
124;226;4693
125;226;2232
126;227;2156
127;227;4629
128;228;4620
129;229;4626
130;229;2790
131;230;4619
132;231;2614
133;231;4597
134;232;2550
135;232;4624
136;233;4614
137;233;2172
138;234;4604
139;235;2494
140;235;4623
141;236;4588
142;236;2548
143;237;2910
144;237;4600
145;238;4613
146;239;2192
147;239;4691
148;240;4635
149;241;4641
150;241;2506
151;242;2195
152;242;4698
153;243;2193
154;243;4697
155;244;4659
156;244;2455
157;245;4585
158;246;4612
159;246;2178
160;247;4599
161;247;3081
162;248;2512
163;248;4607
164;249;4572
165;249;2229
166;250;4577
167;250;2701
168;251;4643
169;251;2551
170;252;2144
171;252;4592
172;253;4563
173;253;2171
174;254;4598
175;255;4387
176;255;3431
177;256;4579
178;256;3123
179;257;2230
180;257;4573
181;258;2164
182;258;4567
183;259;4543
184;259;2599
185;260;2168
186;260;4570
187;261;2448
188;261;4542
189;262;4586
190;263;4381
191;264;2162
192;264;4564
193;265;4544
194;265;2454
195;266;2163
196;266;4565
197;267;2909
198;267;4559
199;268;2700
200;268;4578
201;269;2228
202;269;4571
203;270;4561
204;271;4557
205;271;2545
206;272;2543
207;272;4523
208;273;4534
209;273;2493
210;274;4667
211;274;3124
212;275;2787
213;275;4519
214;276;2602
215;276;4531
216;277;4524
217;277;2516
218;278;2761
219;278;4526
220;279;2511
221;279;4518
222;280;4555
223;281;2597
224;281;4521
225;282;4545
226;282;2618
227;283;4502
228;283;3193
229;284;4541
230;284;2442
231;285;4517
232;285;3008
233;286;4509
234;287;2600
235;287;4522
236;288;2607
237;288;4583
238;289;2627
239;289;4486
240;290;2621
241;290;4470
242;291;2604
243;291;4551
244;292;4451
245;293;2603
246;293;4392
247;294;4494
248;294;2533
249;295;2522
250;295;4458
251;296;4464
252;296;2629
253;297;4476
254;298;4520
255;298;3085
256;299;4484
257;300;4493
258;301;4489
259;301;2643
260;302;4500
261;302;2525
262;303;2789
263;303;4413
264;304;4454
265;304;2527
266;305;4481
267;306;2601
268;306;4530
269;307;4482
270;308;4507
271;309;4459
272;309;2538
273;310;2528
274;310;4487
275;311;2606
276;311;4393
277;312;4478
278;312;2625
279;313;4450
280;313;2539
281;315;3088
282;315;4437
283;316;4469
284;317;4525
285;318;4587
286;318;2518
287;319;2524
288;319;4498
289;320;2626
290;320;4483
291;321;2453
292;321;4446
293;322;4448
294;322;2635
295;323;2526
296;323;4475
297;324;2605
298;324;4532
299;325;4501
300;325;2534
301;326;4436
302;326;3223
303;327;2521
304;327;4460
305;328;4419
306;328;2358
307;329;4465
308;329;2530
309;330;2517
310;330;4485
311;331;4471
312;331;2622
313;332;2519
314;332;4467
315;333;4415
316;333;3117
317;334;4560
318;335;4508
319;335;2513
320;336;2628
321;336;4497
322;337;2537
323;337;4449
324;338;3013
325;338;4549
326;339;4121
327;339;3118
328;340;4488
329;340;2636
330;341;4414
331;341;2788
332;342;2596
333;342;4440
334;343;4120
335;343;3083
336;344;4453
337;345;4479
338;345;2541
339;346;4546
340;347;2632
341;347;4444
342;348;4461
343;349;4463
344;350;4441
345;350;2452
346;351;4499
347;352;2624
348;352;4477
349;353;4496
350;353;2631
351;354;2535
352;354;4466
353;355;2595
354;355;4439
355;356;4473
356;356;2520
357;357;2445
358;357;4443
359;358;4456
360;359;2620
361;359;4462
362;360;2446
363;360;4442
364;361;4474
365;362;2523
366;362;4492
367;363;2470
368;363;4452
369;364;2542
370;364;4547
371;365;4505
372;365;2759
373;366;4457
374;366;2619
375;367;2532
376;367;4468
377;368;2540
378;368;4480
379;369;4495
380;369;2630
381;370;2531
382;370;4455
383;371;4491
384;371;2623
385;372;3121
386;372;4117
387;373;4127
388;373;3186
389;374;4113
390;374;3119
391;375;4402
392;375;2594
393;376;3206
394;377;4447
395;377;2634
396;378;4118
397;378;3086
398;379;3189
399;379;4131
400;380;4115
401;380;3082
402;382;4533
403;382;2529
404;383;4420
405;384;3087
406;384;4410
407;385;4124
408;385;3183
409;387;3182
410;387;4130
411;388;4129
412;388;3188
413;390;4400
414;390;3192
415;391;4553
416;392;3191
417;392;4096
418;393;4605
419;394;4125
420;394;3184
421;395;4128
422;395;3187
423;396;4126
424;396;3185
425;397;3084
426;397;4116
427;398;4090
428;398;3127
429;399;3120
430;399;4119
431;400;4097
432;400;3190
433;404;3720
434;404;3225
435;446;4403
436;446;3208
437;447;4397
438;447;3209
439;448;4396
440;448;3207
441;449;4388
442;449;3425
443;454;4717
444;454;2146
445;455;4719
446;455;3130
447;456;3194
448;456;4103
449;457;4666
450;457;3137
451;459;4716
452;460;4711
453;460;3089
454;482;3481
455;539;4550
456;539;3009
457;541;3718
458;541;3226
459;542;3721
460;542;3224
461;543;4398
462;544;3146
463;544;4112
464;545;3144
465;545;4107
466;546;3143
467;546;4106
468;547;4111
469;547;3145
470;618;4426
471;618;2912
472;619;2923
473;620;2918
474;620;4425
475;621;4424
476;621;2915
477;622;2922
478;622;4430
479;623;4429
480;623;2921
481;624;4427
482;624;2920
483;625;2917
484;625;4434
485;626;4433
486;626;2919
487;627;2913
488;627;4428
489;628;2916
490;628;4438
491;665;5263
492;665;3276
493;666;4191
494;666;3263
495;667;5260
496;667;3264
497;704;5259
498;704;3268
499;705;5354
500;705;3265
501;706;5360
502;706;3266
503;707;3279
504;709;4649
505;709;2911
506;741;3480
507;741;3238
508;742;3282
509;743;5243
510;743;3281
511;744;3280
512;745;3961
513;745;3261
514;746;3962
515;746;3260
516;747;3959
517;747;3259
518;762;4160
519;762;3390
520;763;4182
521;763;3354
522;764;4157
523;764;3393
524;765;4184
525;765;3348
526;766;5249
527;766;3319
528;767;4146
529;767;3311
530;768;4144
531;768;3309
532;769;4148
533;769;3379
534;770;4145
535;770;3310
536;771;4168
537;771;3322
538;772;4147
539;772;3312
540;773;5247
541;773;3317
542;774;4177
543;774;3321
544;775;5284
545;775;3318
546;776;4638
547;777;2609
548;778;4554
549;779;4609
550;780;4401
551;781;4634
552;782;4562
553;782;2610
554;785;4151
555;785;3294
556;787;4153
557;787;3295
558;788;5275
559;788;3347
560;789;5272
561;789;3316
562;790;4172
563;790;3313
564;791;4162
565;791;3314
566;792;4195
567;792;3315
568;793;4664
569;793;2608
570;794;3475
571;794;3285
572;795;4183
573;795;3353
574;796;5251
575;796;3355
576;797;5252
577;797;3352
578;798;4155
579;798;3349
580;799;4181
581;799;3351
582;800;5248
583;800;3339
584;801;3350
585;801;5250
586;803;5345
587;804;5344
588;805;5346
589;806;5343
590;807;5347
591;808;4194
592;808;3290
593;809;5306
594;809;3292
595;810;5261
596;810;3291
597;811;5262
598;811;3307
599;812;4193
600;812;3308
601;813;5357
602;813;3296
603;814;5308
604;815;5276
605;816;5277
606;816;3394
607;817;4617
608;817;2555
609;818;2638
610;818;4584
611;819;4633
612;819;2640
613;820;4108
614;821;4101
615;821;3214
616;822;4105
617;823;4109
618;824;3154
619;824;4399
620;825;3153
621;826;4102
622;826;3215
623;827;5336
624;829;5335
625;830;5338
626;831;5339
627;832;5337
628;834;3474
629;834;3325
630;835;4580
631;839;4196
632;839;3338
633;840;3232
634;840;4405
635;841;4198
636;841;3330
637;842;4175
638;842;3333
639;846;3476
640;848;3380
641;849;5246
642;849;3362
643;850;3230
644;850;4395
645;851;5283
646;851;3359
647;852;3361
648;852;5285
649;853;4179
650;853;3363
651;854;4180
652;854;3364
653;855;4178
654;855;3360
655;857;3960
656;858;4645
657;860;5311
658;860;3345
659;861;5310
660;861;3346
661;862;4163
662;862;3341
663;863;4186
664;863;3344
665;864;4161
666;864;3342
667;868;4670
668;868;3148
669;869;3963
670;869;3336
671;872;4156
672;872;3412
673;873;4159
674;873;3410
675;874;4185
676;874;3408
677;875;5253
678;875;3411
679;876;4158
680;876;3409
681;878;5305
682;878;3369
683;879;3370
684;879;4170
685;880;4171
686;880;3371
687;881;4169
688;881;3366
689;882;5307
690;882;3368
691;883;3367
692;883;4187
693;884;5361
694;884;3375
695;885;5355
696;885;3376
697;908;3775
698;908;178
699;908;2780
700;1024;2967
701;1024;115
702;1024;3717
703;1025;3716
704;1025;2968
705;1025;114
706;1026;4581
707;1026;3003
708;1026;110
709;1031;4582
710;1031;2959
711;1031;174
712;1039;3009
713;1039;539
714;1039;4550
715;1099;2266
716;1099;3844
717;1099;183
718;1100;2267
719;1100;3843
720;1100;185
721;1141;3845
722;1141;184
723;1141;2812
724;1153;3246
725;1153;4503
726;1154;3248
727;1154;4535
728;1156;3478
729;1156;3256
730;1157;3250
731;1157;4630
732;1158;3241
733;1158;3479
734;1159;4536
735;1159;3247
736;1160;4538
737;1161;3244
738;1161;4418
739;1162;4412
740;1162;3254
741;1163;3253
742;1163;4595
743;1164;4596
744;1164;3252
745;1165;4558
746;1165;3258
747;1166;4575
748;1166;3257
749;1167;3245
750;1167;4417
751;1168;3251
752;1169;4539
753;1169;3249
754;1179;3480
755;1179;3238
756;1179;741
757;1182;3481
758;1182;482
759;1204;4218
760;1204;2770
761;1204;128
762;1206;2146
763;1206;454
764;1206;4717
765;1209;2144
766;1209;252
767;1209;4592
768;1210;2145
769;1210;201
770;1210;4683
771;1213;2142
772;1213;205
773;1213;4677
774;1215;2143
775;1215;206
776;1215;4676
777;1218;2138
778;1218;4718
779;1219;4612
780;1219;2178
781;1219;246
782;1220;4713
783;1220;199
784;1220;2198
785;1221;194
786;1221;4675
787;1221;2170
788;1222;2179
789;1222;197
790;1222;4673
791;1223;2190
792;1223;200
793;1223;4689
794;1224;219
795;1224;2155
796;1224;4714
797;1225;4715
798;1225;2225
799;1226;191
800;1226;4593
801;1226;2173
802;1227;2171
803;1227;253
804;1227;4563
805;1228;233
806;1228;4614
807;1228;2172
808;1229;2177
809;1229;4611
810;1230;4681
811;1230;217
812;1230;2159
813;1231;2160
814;1231;202
815;1231;4680
816;1233;227
817;1233;4629
818;1233;2156
819;1235;2150
820;1235;4687
821;1236;2151
822;1236;4688
823;1237;2152
824;1237;4694
825;1238;2153
826;1239;4707
827;1239;2154
828;1240;2169
829;1240;4594
830;1242;2184
831;1242;4682
832;1251;182
833;1251;4615
834;1251;2711
835;1252;186
836;1252;4671
837;1252;2712
838;1253;4702
839;1253;2713
840;1253;187
841;1260;4720
842;1260;188
843;1260;2722
844;1261;180
845;1261;4576
846;1261;2456
847;1299;4505
848;1299;2759
849;1299;365
850;1300;4526
851;1300;2761
852;1300;278
853;1329;4420
854;1329;383
855;1330;4598
856;1330;254
857;1341;4578
858;1341;268
859;1341;2700
860;1342;250
861;1342;4577
862;1342;2701
863;1343;2614
864;1343;4597
865;1343;231
866;1344;3837
867;1344;2871
868;1344;107
869;1345;2873
870;1345;109
871;1345;3839
872;1346;108
873;1346;3838
874;1346;2872
875;1347;3841
876;1347;2875
877;1347;112
878;1348;2874
879;1348;111
880;1348;3840
881;1349;2876
882;1349;113
883;1358;274
884;1358;4667
885;1358;3124
886;1359;4599
887;1359;247
888;1359;3081
889;1360;4579
890;1360;3123
891;1360;256
892;1361;196
893;1361;4668
894;1361;3122
895;1362;457
896;1362;3137
897;1362;4666
898;1363;460
899;1363;3089
900;1363;4711
901;1370;2909
902;1370;267
903;1370;4559
904;1371;237
905;1371;2910
906;1371;4600
907;1372;2634
908;1372;4447
909;1372;377
910;1373;4441
911;1373;2452
912;1373;350
913;1374;4448
914;1374;2635
915;1374;322
916;1375;321
917;1375;2453
918;1375;4446
919;1376;4443
920;1376;2445
921;1376;357
922;1377;4444
923;1377;347
924;1377;2632
925;1378;360
926;1378;4442
927;1378;2446
928;1379;4542
929;1379;261
930;1379;2448
931;1380;282
932;1380;4545
933;1380;2618
934;1381;4544
935;1381;265
936;1381;2454
937;1382;4543
938;1382;2599
939;1382;259
940;1383;4541
941;1383;2442
942;1383;284
943;1384;2447
944;1384;4658
945;1384;225
946;1385;4660
947;1385;2444
948;1385;207
949;1386;244
950;1386;4659
951;1386;2455
952;1387;4657
953;1387;2451
954;1387;216
955;1390;2633
956;1390;4445
957;1391;4661
958;1391;208
959;1391;2443
960;1544;4410
961;1544;384
962;1544;3087
963;1545;3117
964;1545;333
965;1545;4415
966;1546;4520
967;1546;3085
968;1546;298
969;1547;4437
970;1547;3088
971;1547;315
972;1548;3484
973;1548;100
974;1548;2479
975;1551;2480
976;1551;3483
977;1551;97
978;1557;4602
979;1557;2639
980;1595;2638
981;1595;4584
982;1595;818
983;1596;819
984;1596;2640
985;1596;4633
986;1597;817
987;1597;4617
988;1597;2555
989;1626;249
990;1626;4572
991;1626;2229
992;1627;257
993;1627;2230
994;1627;4573
995;1628;4571
996;1628;2228
997;1628;269
998;1629;4574
999;1629;2231
1000;1630;189
1001;1630;2196
1002;1631;4564
1003;1631;2162
1004;1631;264
1005;1632;2163
1006;1632;4565
1007;1632;266
1008;1633;2164
1009;1633;258
1010;1633;4567
1011;1634;215
1012;1634;2194
1013;1634;4696
1014;1635;4678
1015;1635;2165
1016;1636;2161
1017;1636;4566
1018;1637;2191
1019;1637;190
1020;1637;4690
1021;1638;2168
1022;1638;260
1023;1638;4570
1024;1639;242
1025;1639;2195
1026;1639;4698
1027;1640;2183
1028;1640;4679
1029;1641;4568
1030;1641;2166
1031;1642;243
1032;1642;2193
1033;1642;4697
1034;1643;4569
1035;1643;2167
1036;1644;2192
1037;1644;239
1038;1644;4691
1039;1645;4655
1040;1646;192
1041;1646;4674
1042;1647;4097
1043;1647;3190
1044;1647;400
1045;1648;4096
1046;1648;3191
1047;1648;392
1048;1649;4400
1049;1649;3192
1050;1649;390
1051;1650;4502
1052;1650;3193
1053;1650;283
1054;1651;4631
1055;1652;4510
1056;1652;3217
1057;1653;4511
1058;1653;3218
1059;1654;4515
1060;1654;3216
1061;1655;4512
1062;1655;3219
1063;1657;4552
1064;1657;2637
1065;1658;850
1066;1658;3230
1067;1658;4395
1068;1659;4100
1069;1659;3229
1070;1660;3215
1071;1660;826
1072;1660;4102
1073;1661;4099
1074;1661;3228
1075;1662;4101
1076;1662;3214
1077;1662;821
1078;1663;822
1079;1663;4105
1080;1664;546
1081;1664;3143
1082;1664;4106
1083;1665;4398
1084;1665;543
1085;1666;4107
1086;1666;545
1087;1666;3144
1088;1667;820
1089;1667;4108
1090;1668;4109
1091;1668;823
1092;1669;3145
1093;1669;547
1094;1669;4111
1095;1670;4110
1096;1671;3146
1097;1671;4112
1098;1671;544
1099;1672;3154
1100;1672;824
1101;1672;4399
1102;1673;4436
1103;1673;3223
1104;1673;326
1105;1674;4616
1106;1674;211
1107;1674;2356
1108;1676;4646
1109;1680;3240
1110;1680;4095
1111;1681;4645
1112;1681;858
1113;1683;3194
1114;1683;456
1115;1683;4103
1116;1684;4422
1117;1684;2938
1118;1685;2937
1119;1685;4421
1120;1696;3195
1121;1696;4506
1122;1696;175
1123;1699;2626
1124;1699;320
1125;1699;4483
1126;1700;361
1127;1700;4474
1128;1701;2623
1129;1701;4491
1130;1701;371
1131;1702;349
1132;1702;4463
1133;1703;2539
1134;1703;313
1135;1703;4450
1136;1704;4462
1137;1704;359
1138;1704;2620
1139;1705;301
1140;1705;4489
1141;1705;2643
1142;1706;4466
1143;1706;2535
1144;1706;354
1145;1707;4481
1146;1707;305
1147;1708;4546
1148;1708;346
1149;1709;296
1150;1709;4464
1151;1709;2629
1152;1710;4482
1153;1710;307
1154;1711;4457
1155;1711;2619
1156;1711;366
1157;1712;356
1158;1712;4473
1159;1712;2520
1160;1713;4460
1161;1713;2521
1162;1713;327
1163;1714;369
1164;1714;4495
1165;1714;2630
1166;1715;331
1167;1715;4471
1168;1715;2622
1169;1716;4484
1170;1716;299
1171;1717;4508
1172;1717;2513
1173;1717;335
1174;1718;4488
1175;1718;2636
1176;1718;340
1177;1719;292
1178;1719;4451
1179;1720;329
1180;1720;4465
1181;1720;2530
1182;1721;367
1183;1721;2532
1184;1721;4468
1185;1722;319
1186;1722;2524
1187;1722;4498
1188;1723;4500
1189;1723;2525
1190;1724;4493
1191;1724;300
1192;1725;4497
1193;1725;336
1194;1725;2628
1195;1726;2519
1196;1726;4467
1197;1726;332
1198;1727;344
1199;1727;4453
1200;1728;348
1201;1728;4461
1202;1729;297
1203;1729;4476
1204;1730;2627
1205;1730;289
1206;1730;4486
1207;1731;4459
1208;1731;2538
1209;1731;309
1210;1732;2537
1211;1732;4449
1212;1732;337
1213;1733;2522
1214;1733;4458
1215;1733;295
1216;1734;4494
1217;1734;2533
1218;1734;294
1219;1735;370
1220;1735;2531
1221;1735;4455
1222;1736;4547
1223;1736;364
1224;1736;2542
1225;1737;2536
1226;1737;358
1227;1737;4456
1228;1738;316
1229;1738;4469
1230;1739;4475
1231;1739;323
1232;1739;2526
1233;1740;308
1234;1740;4507
1235;1741;4478
1236;1741;2625
1237;1741;312
1238;1742;4480
1239;1742;2540
1240;1742;368
1241;1743;2523
1242;1743;362
1243;1743;4492
1244;1744;4499
1245;1744;351
1246;1745;2534
1247;1745;325
1248;1745;4501
1249;2015;4212
1250;1789;374
1251;3466;4206
1252;3465;4216
1253;3464;5388
1254;3462;4213
1255;3461;5399
1256;3460;5398
1257;3459;5389
1258;3447;5392
1259;3446;5390
1260;3445;5391
1261;3442;3482
1262;3441;4079
1263;3440;4084
1264;3439;5401
1265;3438;5403
1266;3437;5395
1267;3431;4387
1268;3430;4382
1269;3429;4379
1270;3428;4385
1271;3427;4378
1272;3426;4383
1273;3425;4388
1274;3424;4389
1275;3423;4384
1276;3420;5404
1277;3414;5287
1278;3413;5270
1279;3412;4156
1280;3411;5253
1281;3410;4159
1282;3409;4158
1283;3408;4185
1284;3407;5318
1285;3405;5271
1286;3400;5309
1287;3394;5277
1288;3393;4157
1289;3390;4160
1290;3382;5363
1291;3379;4148
1292;3376;5355
1293;3375;5361
1294;3373;3964
1295;3371;4171
1296;3370;4170
1297;3369;5305
1298;3368;5307
1299;3367;4187
1300;3366;4169
1301;3365;5245
1302;3364;4180
1303;3363;4179
1304;3362;5246
1305;3361;5285
1306;3360;4178
1307;3359;5283
1308;3355;5251
1309;3354;4182
1310;3353;4183
1311;3352;5252
1312;3351;4181
1313;3350;5250
1314;3349;4155
1315;3348;4184
1316;3347;5275
1317;3346;5310
1318;3345;5311
1319;3344;4186
1320;3343;4173
1321;3342;4161
1322;3341;4163
1323;3339;5248
1324;3338;4196
1325;3336;3963
1326;3335;5266
1327;3334;3960
1328;3333;4175
1329;3332;5313
1330;3331;4152
1331;3330;4198
1332;3329;5312
1333;3328;3477
1334;3327;3476
1335;3325;3474
1336;3322;4168
1337;3321;4177
1338;3320;4164
1339;3319;5249
1340;3318;5284
1341;3317;5247
1342;3316;5272
1343;3315;4195
1344;3314;4162
1345;3313;4172
1346;3312;4147
1347;3311;4146
1348;3310;4145
1349;3309;4144
1350;3308;4193
1351;3307;5262
1352;3301;4174
1353;3300;4176
1354;3299;4197
1355;3298;5273
1356;3297;5274
1357;3296;5357
1358;3295;4153
1359;3294;4151
1360;3293;4150
1361;3292;5306
1362;3291;5261
1363;3290;4194
1364;3289;5244
1365;3285;3475
1366;3281;5243
1367;3275;5332
1368;3274;5331
1369;3273;5333
1370;3272;5329
1371;3271;5330
1372;3270;5334
1373;3268;5259
1374;3267;5352
1375;3266;5360
1376;3265;5354
1377;3264;5260
1378;3263;4191
1379;3261;3961
1380;3260;3962
1381;3259;3959
1382;3258;4558
1383;3257;4575
1384;3256;3478
1385;3254;4412
1386;3253;4595
1387;3252;4596
1388;3250;4630
1389;3249;4539
1390;3248;4535
1391;3247;4536
1392;3246;4503
1393;3245;4417
1394;3244;4418
1395;3243;4404
1396;3241;3479
1397;3240;4095
1398;3238;3480
1399;3233;4516
1400;3232;4405
1401;3231;4407
1402;3230;4395
1403;3229;4100
1404;3228;4099
1405;3227;3719
1406;3226;3718
1407;3225;3720
1408;3224;3721
1409;3223;4436
1410;3222;4409
1411;3221;4514
1412;3220;4513
1413;3219;4512
1414;3218;4511
1415;3217;4510
1416;3216;4515
1417;3215;4102
1418;3214;4101
1419;3209;4397
1420;3208;4403
1421;3207;4396
1422;3205;4394
1423;3195;4506
1424;3194;4103
1425;3193;4502
1426;3192;4400
1427;3191;4096
1428;3190;4097
1429;3189;4131
1430;3188;4129
1431;3187;4128
1432;3186;4127
1433;3185;4126
1434;3184;4125
1435;3183;4124
1436;3182;4130
1437;3156;4548
1438;3154;4399
1439;3151;4722
1440;3150;4721
1441;3149;4712
1442;3148;4670
1443;3147;4669
1444;3146;4112
1445;3145;4111
1446;3144;4107
1447;3143;4106
1448;3137;4666
1449;3130;4719
1450;3128;4701
1451;3127;4090
1452;3124;4667
1453;3123;4579
1454;3122;4668
1455;3121;4117
1456;3120;4119
1457;3119;4113
1458;3117;4415
1459;3089;4711
1460;3088;4437
1461;3087;4410
1462;3086;4118
1463;3085;4520
1464;3084;4116
1465;3083;4120
1466;3082;4115
1467;3081;4599
1468;3013;4549
1469;3011;4391
1470;3009;4550
1471;3008;4517
1472;3005;4632
1473;3004;4663
1474;3003;4581
1475;2968;3716
1476;2967;3717
1477;2959;4582
1478;2938;4422
1479;2937;4421
1480;2924;4432
1481;2923;4431
1482;2922;4430
1483;2921;4429
1484;2920;4427
1485;2919;4433
1486;2918;4425
1487;2917;4434
1488;2916;4438
1489;2915;4424
1490;2914;4423
1491;2913;4428
1492;2912;4426
1493;2911;4649
1494;2910;4600
1495;2909;4559
1496;2898;4537
1497;2875;3841
1498;2874;3840
1499;2873;3839
1500;2872;3838
1501;2871;3837
1502;2812;3845
1503;2790;4626
1504;2789;4413
1505;2788;4414
1506;2787;4519
1507;2786;4416
1508;2780;3775
1509;2770;4218
1510;2761;4526
1511;2759;4505
1512;2729;4654
1513;2722;4720
1514;2713;4702
1515;2712;4671
1516;2711;4615
1517;2701;4577
1518;2700;4578
1519;2643;4489
1520;2642;4490
1521;2640;4633
1522;2639;4602
1523;2638;4584
1524;2637;4552
1525;2636;4488
1526;2635;4448
1527;2634;4447
1528;2633;4445
1529;2632;4444
1530;2631;4496
1531;2630;4495
1532;2629;4464
1533;2628;4497
1534;2627;4486
1535;2626;4483
1536;2625;4478
1537;2624;4477
1538;2623;4491
1539;2622;4471
1540;2621;4470
1541;2620;4462
1542;2619;4457
1543;2618;4545
1544;2614;4597
1545;2613;4601
1546;2612;4606
1547;2611;4621
1548;2610;4562
1549;2608;4664
1550;2607;4583
1551;2606;4393
1552;2605;4532
1553;2604;4551
1554;2603;4392
1555;2602;4531
1556;2601;4530
1557;2600;4522
1558;2599;4543
1559;2598;4435
1560;2597;4521
1561;2596;4440
1562;2595;4439
1563;2594;4402
1564;2555;4617
1565;2551;4643
1566;2550;4624
1567;2549;4625
1568;2548;4588
1569;2547;4622
1570;2546;4653
1571;2545;4557
1572;2544;4555
1573;2543;4523
1574;2542;4547
1575;2541;4479
1576;2540;4480
1577;2539;4450
1578;2538;4459
1579;2537;4449
1580;2536;4456
1581;2535;4466
1582;2534;4501
1583;2533;4494
1584;2532;4468
1585;2531;4455
1586;2530;4465
1587;2529;4533
1588;2528;4487
1589;2527;4454
1590;2526;4475
1591;2525;4500
1592;2524;4498
1593;2523;4492
1594;2522;4458
1595;2521;4460
1596;2520;4473
1598;2518;4587
1599;2517;4485
1600;2516;4524
1601;2515;4640
1602;2514;4642
1603;2513;4508
1604;2512;4607
1605;2511;4518
1606;2506;4641
1607;2505;4665
1608;2494;4623
1609;2493;4534
1610;2480;3483
1611;2479;3484
1612;2470;4452
1613;2456;4576
1614;2455;4659
1615;2454;4544
1616;2453;4446
1617;2452;4441
1618;2451;4657
1619;2449;4608
1620;2448;4542
1621;2447;4658
1622;2445;4443
1623;2444;4660
1624;2443;4661
1625;2442;4541
1626;2358;4419
1627;2356;4616
1628;2267;3843
1629;2266;3844
1630;2239;4411
1631;2238;4699
1632;2237;4710
1633;2235;4706
1634;2234;4705
1635;2233;4709
1636;2232;4693
1637;2231;4574
1638;2230;4573
1639;2229;4572
1640;2228;4571
1641;2225;4715
1642;2198;4713
1643;2197;4708
1644;2196;4692
1645;2195;4698
1646;2194;4696
1647;2193;4697
1648;2192;4691
1649;2191;4690
1650;2190;4689
1651;2189;4704
1652;2188;4703
1653;2187;4684
1654;2186;4686
1655;2185;4685
1656;2184;4682
1657;2183;4679
1658;2182;4628
1659;2181;4627
1660;2180;4610
1661;2179;4673
1662;2178;4612
1663;2177;4611
1664;2176;4591
1665;2175;4590
1666;2174;4589
1667;2173;4593
1668;2172;4614
1669;2171;4563
1670;2170;4675
1671;2169;4594
1672;2168;4570
1673;2167;4569
1674;2166;4568
1675;2165;4678
1676;2164;4567
1677;2163;4565
1678;2162;4564
1679;2161;4566
1680;2160;4680
1681;2159;4681
1682;2156;4629
1683;2155;4714
1684;2154;4707
1685;2152;4694
1686;2151;4688
1687;2150;4687
1688;2146;4717
1689;2145;4683
1690;2144;4592
1691;2143;4676
1692;2142;4677
1693;2138;4718
1694;2134;5348
1695;2133;5282
1696;2132;5281
1697;2131;5349
1698;2130;5320
1699;2129;5254
1700;2128;5255
1701;2127;5319
1702;2126;5353
1703;2125;3418
1704;2124;3417
1705;2123;3415
1706;2122;3416
1707;2121;3419
1708;2120;3399
1709;2119;830
1710;2119;5338
1711;2118;3397
1712;2117;3398
1713;2115;876
1714;2115;3409
1715;2115;4158
1716;2114;873
1717;2114;3410
1718;2114;4159
1719;2113;872
1720;2113;3412
1721;2113;4156
1722;2112;874
1723;2112;3408
1724;2112;4185
1725;2111;875
1726;2111;3411
1727;2111;5253
1728;2110;765
1729;2110;3348
1730;2110;4184
1731;2109;763
1732;2109;3354
1733;2109;4182
1734;2107;766
1735;2107;3319
1736;2107;5249
1737;2106;796
1738;2106;3355
1739;2106;5251
1740;2105;799
1741;2105;3351
1742;2105;4181
1743;2104;3350
1744;2104;801
1745;2104;5250
1746;2103;797
1747;2103;3352
1748;2103;5252
1749;2102;800
1750;2102;3339
1751;2102;5248
1752;2101;798
1753;2101;3349
1754;2101;4155
1755;2100;795
1756;2100;3353
1757;2100;4183
1758;2099;5289
1759;2098;5292
1760;2097;5291
1761;2096;5290
1762;2095;5293
1763;2094;762
1764;2094;3390
1765;2094;4160
1766;2093;764
1767;2093;3393
1768;2093;4157
1769;2092;5321
1770;2091;5296
1771;2090;5295
1772;2089;5258
1773;2088;4189
1774;2087;4190
1775;2086;4166
1776;2085;4165
1777;2084;5323
1778;2083;4188
1779;2082;5256
1780;2081;5322
1781;2080;5257
1782;2079;5294
1783;2076;3367
1784;2076;883
1785;2076;4187
1786;2073;812
1787;2073;3308
1788;2073;4193
1789;2072;878
1790;2072;3369
1791;2072;5305
1792;2071;3370
1793;2071;879
1794;2071;4170
1795;2070;882
1796;2070;3368
1797;2070;5307
1798;2069;880
1799;2069;3371
1800;2069;4171
1801;2068;881
1802;2068;3366
1803;2068;4169
1804;2067;849
1805;2067;3362
1806;2067;5246
1807;2066;855
1808;2066;3360
1809;2066;4178
1810;2065;848
1811;2065;3380
1812;2064;854
1813;2064;3364
1814;2064;4180
1815;2063;3365
1816;2063;5245
1817;2062;851
1818;2062;3359
1819;2062;5283
1820;2061;853
1821;2061;3363
1822;2061;4179
1823;2060;3361
1824;2060;852
1825;2060;5285
1826;2059;4167
1827;2058;811
1828;2058;3307
1829;2058;5262
1830;2057;810
1831;2057;3291
1832;2057;5261
1833;2056;808
1834;2056;3290
1835;2056;4194
1836;2055;809
1837;2055;3292
1838;2055;5306
1839;2054;774
1840;2054;3321
1841;2054;4177
1842;2053;775
1843;2053;3318
1844;2053;5284
1845;2052;773
1846;2052;3317
1847;2052;5247
1848;2051;5403
1849;2051;3438
1850;2050;3437
1851;2050;5395
1852;2049;3441
1853;2049;4079
1854;2047;4210
1855;2046;4214
1856;2045;4205
1857;2044;5397
1858;2043;5401
1859;2043;3439
1860;2042;3983
1861;2041;3984
1862;2040;3459
1863;2040;5389
1864;2038;4084
1865;2038;3440
1866;2037;5392
1867;2037;3447
1868;2036;5390
1869;2036;3446
1870;2035;3445
1871;2035;5391
1872;2034;5404
1873;2034;3420
1874;2033;5400
1875;2032;3460
1876;2032;5398
1877;2031;5399
1878;2031;3461
1879;2028;4385
1880;2028;3428
1881;2027;3426
1882;2027;4383
1883;2026;3423
1884;2026;4384
1885;2025;3430
1886;2025;4382
1887;2024;4386
1888;2023;4380
1889;2022;4389
1890;2022;3424
1891;2021;3429
1892;2021;4379
1893;2020;4378
1894;2019;3431
1895;2019;4387
1896;2019;255
1897;2018;263
1898;2018;4381
1899;2017;3425
1900;2017;4388
1901;2017;449
1902;2016;4217
1903;2014;4207
1904;2012;3270
1905;2012;5334
1906;2011;3275
1907;2011;5332
1908;2010;3271
1909;2010;5330
1910;2009;3273
1911;2009;5333
1912;2007;3272
1913;2007;5329
1914;2006;3274
1915;2006;5331
1916;2005;707
1917;2005;3279
1918;1997;772
1919;1997;3312
1920;1997;4147
1921;1996;767
1922;1996;3311
1923;1996;4146
1924;1995;769
1925;1995;3379
1926;1995;4148
1927;1994;771
1928;1994;3322
1929;1994;4168
1930;1993;770
1931;1993;3310
1932;1993;4145
1933;1992;768
1934;1992;3309
1935;1992;4144
1936;1991;5326
1937;1990;5325
1938;1989;3413
1939;1989;5270
1940;1988;3400
1941;1988;5309
1942;1987;5269
1943;1986;5268
1944;1985;3335
1945;1985;5266
1946;1984;3405
1947;1984;5271
1948;1983;5267
1949;1982;5317
1950;1981;3407
1951;1981;5318
1952;1980;3414
1953;1980;5287
1954;1979;3406
1955;1978;803
1956;1978;5345
1957;1977;805
1958;1977;5346
1959;1976;807
1960;1976;5347
1961;1975;804
1962;1975;5344
1963;1974;806
1964;1974;5343
1965;1970;846
1966;1970;3476
1967;1969;837
1968;1967;834
1969;1967;3325
1970;1967;3474
1971;1965;5308
1972;1965;814
1973;1964;794
1974;1964;3285
1975;1964;3475
1976;1963;3264
1977;1963;667
1978;1963;5260
1979;1962;3276
1980;1962;5263
1981;1962;665
1982;1961;3263
1983;1961;666
1984;1961;4191
1985;1960;886
1986;1959;857
1987;1959;3960
1988;1958;869
1989;1958;3336
1990;1958;3963
1991;1957;747
1992;1957;3259
1993;1957;3959
1994;1956;745
1995;1956;3261
1996;1956;3961
1997;1955;746
1998;1955;3260
1999;1955;3962
2000;1954;703
2001;1953;3268
2002;1953;704
2003;1953;5259
2004;1949;839
2005;1949;3338
2006;1949;4196
2007;1948;4174
2008;1948;3301
2009;1947;788
2010;1947;3347
2011;1947;5275
2012;1946;864
2013;1946;3342
2014;1946;4161
2015;1945;863
2016;1945;3344
2017;1945;4186
2018;1944;862
2019;1944;3341
2020;1944;4163
2021;1943;3343
2022;1943;4173
2023;1943;859
2024;1942;3346
2025;1942;5310
2026;1942;861
2027;1941;860
2028;1941;3345
2029;1941;5311
2030;1940;5312
2031;1940;3329
2032;1939;842
2033;1939;3333
2034;1939;4175
2035;1938;4152
2036;1938;3331
2037;1937;3332
2038;1937;5313
2039;1936;841
2040;1936;3330
2041;1936;4198
2042;1935;3299
2043;1935;4197
2044;1934;3298
2045;1934;5273
2046;1933;3300
2047;1933;4176
2048;1932;3297
2049;1932;5274
2050;1931;3293
2051;1931;4150
2052;1930;785
2053;1930;3294
2054;1930;4151
2055;1929;787
2056;1929;3295
2057;1929;4153
2058;1928;789
2059;1928;3316
2060;1928;5272
2061;1927;791
2062;1927;3314
2063;1927;4162
2064;1926;790
2065;1926;3313
2066;1926;4172
2067;1925;3320
2068;1925;4164
2069;1924;792
2070;1924;3315
2071;1924;4195
2072;1923;5297
2073;1922;5302
2074;1921;5300
2075;1920;5303
2076;1919;5298
2077;1918;5304
2078;1917;743
2079;1917;3281
2080;1917;5243
2081;1916;742
2082;1916;3282
2083;1915;744
2084;1915;3280
2085;1911;885
2086;1911;3376
2087;1911;5355
2088;1910;884
2089;1910;3375
2090;1910;5361
2091;1909;813
2092;1909;3296
2093;1909;5357
2094;1908;3266
2095;1908;706
2096;1908;5360
2097;1907;3265
2098;1907;705
2099;1907;5354
2100;1906;328
2101;1906;4419
2102;1906;2358
2103;1902;4406
2104;1901;4407
2105;1901;3231
2106;1882;4601
2107;1882;2613
2108;1881;3012
2109;1880;4391
2110;1880;3011
2111;1879;4632
2112;1879;3005
2113;1879;222
2114;1878;4549
2115;1878;3013
2116;1878;338
2117;1877;4663
2118;1877;3004
2119;1877;210
2120;1876;3233
2121;1876;4516
2122;1875;3156
2123;1875;4548
2124;1873;204
2125;1873;3128
2126;1873;4701
2127;1872;4719
2128;1872;455
2129;1872;3130
2130;1871;3127
2131;1871;4090
2132;1871;398
2133;1868;2598
2134;1868;4435
2135;1867;281
2136;1867;4521
2137;1867;2597
2138;1866;4439
2139;1866;2595
2140;1866;355
2141;1865;4440
2142;1865;2596
2143;1865;342
2144;1864;375
2145;1864;2594
2146;1864;4402
2147;1863;622
2148;1863;4430
2149;1863;2922
2150;1862;620
2151;1862;2918
2152;1862;4425
2153;1861;4432
2154;1861;2924
2155;1860;624
2156;1860;2920
2157;1860;4427
2158;1859;2923
2159;1859;619
2160;1858;621
2161;1858;2915
2162;1858;4424
2163;1857;623
2164;1857;2921
2165;1857;4429
2166;1856;625
2167;1856;2917
2168;1856;4434
2169;1855;4438
2170;1855;628
2171;1855;2916
2172;1854;4423
2173;1854;2914
2174;1853;4426
2175;1853;2912
2176;1853;618
2177;1852;4433
2178;1852;626
2179;1852;2919
2180;1851;627
2181;1851;4428
2182;1851;2913
2183;1850;709
2184;1850;2911
2185;1850;4649
2186;1849;4529
2187;1848;4528
2188;1847;4527
2189;1828;541
2190;1828;3226
2191;1828;3718
2192;1827;542
2193;1827;3224
2194;1827;3721
2195;1826;404
2196;1826;3225
2197;1826;3720
2198;1825;117
2199;1825;3227
2200;1825;3719
2201;1793;3084
2202;1793;4116
2203;1793;397
2204;1792;339
2205;1792;3118
2206;1792;4121
2207;1791;343
2208;1791;3083
2209;1791;4120
2210;1790;3120
2211;1790;4119
2212;1790;399
2213;1789;3119
2214;1789;4113
2215;1788;4114
2216;1787;372
2217;1787;4117
2218;1787;3121
2219;1786;4115
2220;1786;380
2221;1786;3082
2222;1785;4118
2223;1785;3086
2224;1785;378
2225;1766;3207
2226;1766;4396
2227;1766;448
2228;1765;3208
2229;1765;4403
2230;1765;446
2231;1764;4397
2232;1764;447
2233;1764;3209
2234;1754;4405
2235;1754;3232
2236;1754;840
2237;1753;4472
2238;1753;78
2239;1752;304
2240;1752;4454
2241;1752;2527
2242;1751;363
2243;1751;4452
2244;1751;2470
2245;1749;2541
2246;1749;4479
2247;1749;345
2248;1748;353
2249;1748;2631
2250;1748;4496
2251;1747;310
2252;1747;4487
2253;1747;2528
2254;1746;2621
2255;1746;4470
2256;1746;290
2257;2519;4467
2258;280;2544
2259;1723;302
2261;111;3840
2262;1241;4716
2263;1788;381
2264;859;4173
2265;859;3343
2266;2876;3842
